 620
 791
 877
 970
1252
1420
1529
1762
1929
2040
2259
2432
2604
2787
2971
3055
3340
3450
3707
3888
4072
4248
4428
4514
4790
4971
5088
5333
5508
5684
5865
5949
6221
6395
6572
6752
6839
7103
7277
7454
7631
7719
7978
8149
8320
8496
8584
8846
9023
9203
9380
9466
9740
9919
10100
10281
10367
10636
10725
10975
11142
11311
11484
11579
11684
11958
12130
12303
12391
12649
12814
12981
13070
13321
13484
13594
13675
13957
14118
14309
14394
14659
14830
15003
15093
15350
15524
15695
15782
16025
16190
16341
16453
16696
16780
17049
17222
17328
17556
17639
17874
18031
18192
18281
18516
18678
18846
18934
19178
19339
19452
19536
19810
19969
20125
20280
20436
20591
20744
20834
21049
21194
21346
21489
21636
21780
21923
22034
22217
22358
22503
22651
22805
22976
23157
23337
23441
23670
23757
23989
24066
24294
24442
24593
24757
24948
25061
25312
25496
25678
25763
26049
26230
26411
26496
26780
26960
27139
27223
27498
27590
27846
28187
28350
28513
28672
28835
28923
29160
29314
29461
29615
29767
29850
30076
30224
30371
30521
30666
30754
30956
31045
31246
31382
31516
31651
31780
32039
32163
32294
32419
32546
32677
32747
32936
33061
33190
33318
33446
33532
33569
33695
33826
33926
34082
34210
34331
34464
34726
34809
34988
35121
35250
35313
35389
35517
35649
35781
35911
36041
36172
36302
36433
36564
36695
36827
36913
37097
37230
37336
37436
37626
37709
37888
37971
38155
38287
38422
38557
38686
38831
38957
39047
39224
39314
39489
39570
39750
39875
40008
40131
40256
40344
40517
40620
40774
40856
41029
41155
41281
41408
41531
41612
41770
41910
42043
42160
42282
42404
42529
42651
42771
42896
43018
43102
43170
43212
43383
43505
43631
43752
43872
43993
44084
44237
44356
44479
44595
44724
44846
44931
45102
45231
45356
45486
45616
45699
45890
46017
46149
46285
46422
46520
46698
46834
46974
47111
47177
47393
47534
47667
47804
47940
48078
48160
48372
48454
48658
48798
48938
49075
49162
49359
49497
49638
49777
49861
50060
50198
50341
50486
50635
50714
50933
51037
51231
51371
51522
51672
51822
51974
52061
52283
52438
52554
52759
52845
53075
53222
53363
53516
53662
53744
53966
54113
54260
54412
54568
54657
54890
55042
55198
55352
55506
55591
55818
55968
56117
56207
56427
56579
56686
56892
56974
57091
57347
57497
57649
57731
57959
58111
58260
58343
58566
58719
58874
58956
59199
59359
59543
59717
59826
60063
60235
60403
60577
60755
60840
61098
61269
61436
61522
61775
61884
62102
62264
62425
62512
62756
62924
63091
63173
63440
63609
63715
63959
64125
64298
64381
64495
64774
64946
65120
65204
65456
65626
65789
65953
66035
66299
66464
66631
66720
66970
67135
67301
67477
67560
67824
67990
68158
68329
68413
68667
68837
69009
69098
69365
69538
69714
69799
70061
70227
70404
70487
70761
70926
71099
71186
71446
71620
71788
71874
72133
72295
72454
72614
72776
72864
73122
73292
73456
73624
73704
73948
74058
74276
74434
74599
74771
74858
75112
75286
75468
75552
75830
76003
76180
76272
76515
76674
76828
76994
77071
77333
77498
77669
77843
77933
78182
78348
78515
78692
78776
79063
79236
79419
79503
79779
79957
80138
80224
80488
80666
80840
80926
81201
81377
81550
81636
81914
82089
82271
82356
82627
82799
82970
83141
83225
83478
83646
83812
83982
84066
84330
84504
84675
84841
85004
85091
85342
85503
85667
85843
85930
86166
86327
86502
86598
86854
87023
87190
87364
87449
87713
87877
88047
88220
88309
88556
88717
88883
89044
89214
89298
89577
89751
89856
90107
90213
90452
90612
90719
90944
91109
91283
91445
91605
91696
91943
92117
92286
92458
92549
92811
92979
93089
93325
93493
93600
93681
93963
94130
94301
94387
94644
94814
94987
95074
95330
95501
95666
95753
96004
96198
96388
96475
96759
96929
97113
97201
97490
97677
97863
97948
98243
98434
98620
98706
98996
99178
99360
99540
99624
99903
100081
100255
100434
100523
100788
100967
101143
101313
101401
101674
101781
102027
102200
102366
102539
102625
103026
103196
103370
103541
103709
103793
104051
104215
104390
104478
104736
104910
105087
105173
105440
105624
105810
105900
106165
106340
106515
106685
106771
107039
107212
107387
107566
107650
107907
108072
108240
108418
108504
108775
108940
109110
109291
109376
109654
109835
110017
110106
110375
110555
110732
110819
111094
111273
111452
111537
111816
112000
112185
112273
112397
112678
112860
113040
113127
113408
113594
113782
113868
114157
114336
114516
114604
114871
115215
115388
115555
115729
115815
116077
116243
116349
116589
116674
116923
117091
117261
117425
117596
117682
117949
118122
118301
118467
118552
118806
118980
119157
119337
119424
119818
119922
120160
120332
120507
120690
120776
121047
121228
121408
121587
121672
122076
122214
122440
122549
122789
122963
123142
123228
123487
123657
123832
123920
124177
124350
124451
124560
124832
125007
125178
125266
125522
125693
125860
125949
126207
126372
126542
126635
126880
127046
127220
127312
127560
127741
127850
128087
128172
128431
128606
128725
128948
129032
129282
129440
129604
129696
129941
130103
130208
130442
130530
130762
130916
131080
131167
131422
131593
131756
131851
132087
132257
132436
132607
132786
132870
132989
133265
133370
133616
133790
133964
134142
134227
134502
134674
134847
135032
135118
135397
135580
135762
135856
136123
136227
136459
136622
136792
136910
137141
137226
137473
137638
137745
138107
138279
138452
138626
138800
138885
139165
139339
139527
139711
139893
139978
140266
140444
140625
140807
140986
141072
141346
141519
141698
141787
142061
142240
142420
142505
142773
142945
143120
143294
143402
143544
143804
143913
144139
144303
144400
144629
144715
144949
145105
145265
145428
145590
145757
145849
146095
146258
146366
146586
146671
146907
147066
147225
147390
147563
147729
147900
147987
148249
148417
148585
148754
148919
149097
149182
149446
149608
149773
149945
150110
150194
150449
150613
150779
150947
151111
151221
151453
151537
151777
151937
152095
152259
152377
152597
152763
152929
153095
153181
153428
153531
153767
153935
154097
154264
154351
154596
154761
154927
155101
155189
155433
155593
155694
155939
156101
156216
156443
156526
156766
156929
157089
157256
157343
157597
157765
157936
158107
158194
158454
158627
158735
158825
159108
159230
159434
159592
159753
159920
160011
160265
160430
160521
160755
160920
161032
161260
161330
161590
161754
161918
162096
162181
162449
162619
162795
162982
163068
163334
163505
163609
163847
164019
164116
164357
164521
164638
164853
165012
165172
165338
165427
165688
165855
166034
166121
166385
166557
166669
166748
166903
167068
167252
167336
167608
167789
167968
168058
168313
168487
168653
168744
168839
168998
169157
169328
169412
169665
169832
170004
170092
170345
170506
170674
170761
171013
171175
171278
171358
171503
171661
171826
171912
172166
172330
172447
172529
172807
172964
173121
173276
173439
173522
173771
173934
174104
174269
174433
174604
174785
174869
175152
175323
175500
175585
175844
176012
176118
176371
176541
176705
176793
177045
177217
177374
177469
177711
177809
178037
178197
178358
178521
178687
178863
178951
179350
179518
179619
179847
179936
180173
180331
180493
180655
180822
180909
181161
181321
181425
181507
181645
181794
181955
182038
182287
182444
182602
182796
182881
183152
183332
183438
183676
183850
184027
184200
184283
184539
184707
184875
185043
185128
185384
185558
185730
185894
186063
186147
186403
186567
186730
186895
186981
187225
187384
187548
187704
187864
187949
188187
188345
188502
188659
188758
188980
189063
189302
189461
189625
189790
189942
190095
190180
190404
190556
190709
190861
191012
191163
191258
191487
191651
191815
191978
192150
192233
192498
192673
192889
193110
193163
193278
193473
193628
193783
193872
194003
194250
194366
194558
194642
194867
195016
195171
195336
195502
195588
195838
196016
196190
196307
196542
196714
196879
197042
197130
197372
197527
197697
197867
198034
198133
198250
198349
198437
198497
198647
198797
198938
199023
199227
199370
199500
199654
199740
199937
200077
200216
200352
200489
200620
200763
200848
201043
201129
201323
201459
201599
201741
201875
202020
202160
202248
202458
202545
202748
202831
203037
203175
203316
203457
203607
203730
203874
203957
204161
204299
204439
204576
204661
204860
204994
205133
205273
205406
205500
205686
205768
205962
206095
206229
206363
206452
206641
206724
206910
207043
207177
207240
207450
207583
207713
207848
207976
208109
208196
208374
208505
208609
208693
208899
209029
209121
209285
209411
209537
209661
209786
209909
209994
210156
210278
210400
210520
210606
210770
210892
211017
211138
211262
211348
211506
211628
211755
211872
212006
212131
212256
212344
212511
212638
212766
212890
213018
213145
213269
213399
213491
213650
213774
213889
214024
214148
214262
214402
214525
214650
214775
214899
215026
215152
215249
215406
215534
215655
215789
215916
215998
216175
216303
216430
216556
216683
216809
216935
217015
217184
217268
217434
217557
217680
217801
217924
218007
218174
218255
218426
218537
218678
218806
219074
219206
219340
219476
219610
219691
219883
220018
220155
220292
220431
220514
220711
220847
220954
221126
221261
221396
221479
221671
221806
221939
222072
222165
222341
222471
222601
222731
222861
222941
223122
223209
223382
223462
223641
223768
223896
224024
224155
224240
224414
224496
224674
224803
224932
225061
225196
225278
225471
225554
225746
225884
226021
226151
226288
226391
226564
226649
226841
226977
227108
227240
227328
227501
227589
227766
227855
228036
228161
228294
228397
228476
228684
228812
228940
229048
229118
229330
229459
229589
229718
229805
229979
230062
230149
230373
230503
230592
230767
230845
231029
231110
231294
231377
231559
231689
231818
231948
232079
232151
232343
232425
232606
232735
232868
233001
233138
233220
233415
233550
233687
233825
233967
234047
234242
234324
234514
234642
234778
234819
234897
234993
235182
235313
235443
235568
235701
235783
235971
236103
236233
236364
236499
236582
236771
236907
237039
237171
237308
237392
237585
237674
237862
237997
238136
238271
238406
238492
238683
238767
238958
239090
239233
239362
239503
239589
239785
239925
240039
240122
240354
240495
240639
240781
240924
241007
241213
241353
241493
241633
241773
241856
242057
242201
242336
242477
242600
242776
242864
243239
243393
243544
243632
243848
243997
244143
244236
244444
244594
244738
244827
245037
245183
245326
245415
245620
245761
245858
246021
246190
246332
246476
246566
246769
246910
247053
247150
247346
247486
247631
247719
247922
248061
248161
248351
248490
248632
248714
248927
249070
249216
249303
249513
249656
249750
249833
250077
250219
250363
250449
250656
250797
250941
251028
251230
251370
251475
251654
251791
251926
252010
252207
252346
252456
252550
252781
252924
253066
253210
253359
253448
253661
253806
253954
254059
254247
254329
254543
254688
254837
254925
255153
255303
255457
255541
255776
255927
256085
256168
256405
256557
256716
256800
257024
257173
257325
257473
257621
257704
257925
258010
258220
258363
258506
258653
258804
258905
259106
259252
259358
259702
259847
259996
260142
260290
260385
260593
260738
260889
260980
261189
261334
261489
261575
261798
261911
262099
262186
262428
262583
262741
262895
263049
263136
263370
263522
263681
263791
264000
264084
264308
264460
264611
264764
264923
265015
265235
265357
265546
265633
265844
265991
266139
266284
266427
266575
266713
266858
266998
267138
267284
267376
267596
267745
267896
268048
268199
268351
268504
268656
268767
268873
269101
269262
269408
269557
269709
269804
270019
270104
270215
270431
270604
270712
270908
271051
271194
271280
271453
271519
271762
271904
272047
272192
272344
272429
272649
272800
272907
273107
273190
273414
273565
273672
273895
274063
274235
274321
274589
274774
274947
275033
275302
275480
275652
275738
275990
276153
276316
276409
276653
276816
276989
277078
277334
277497
277666
277753
277977
278130
278279
278424
278565
278657
278856
278944
279054
279294
279438
279582
279725
279869
279954
280163
280251
280460
280606
280761
280902
281021
281209
281381
281553
281636
281894
282046
282197
282351
282499
282585
282811
282966
283122
283287
283448
283540
283758
283915
284070
284221
284327
284527
284675
284823
284974
285121
285208
285418
285556
285704
285798
286001
286091
286442
286584
286725
286871
287017
287107
287310
287456
287602
287747
287896
287979
288201
288348
288497
288645
288793
288875
289098
289232
289334
289432
289666
289808
289948
290091
290236
290319
290522
290665
290809
290902
291104
291248
291392
291522
291668
291755
291956
292094
292234
292375
292515
292601
292802
292941
293081
293222
293345
293505
293594
293792
293880
294051
294139
294340
294479
294589
294758
294846
295032
295169
295263
295440
295572
295706
295835
295969
296061
296246
296331
296452
296659
296794
296931
297064
297194
297328
297462
297594
297728
297863
298000
298140
298226
298423
298507
298700
298836
298973
299110
299250
299388
299474
299677
299817
299959
300099
300213
300382
300521
300662
300801
300940
301054
301213
301365
301509
301659
301742
301951
302036
302242
302383
302525
302670
302813
302898
303102
303243
303381
303521
303661
303748
303944
304083
304222
304360
304500
304586
304784
304922
305064
305204
305342
305427
305621
305707
305899
306034
306170
306309
306447
306536
306735
306878
307022
307166
307317
307401
307609
307753
307893
308033
308175
308259
308455
308541
308737
308877
309017
309158
309302
309385
309592
309735
309880
310023
310117
310311
310455
310603
310693
310912
311063
311211
311304
311507
311652
311756
311951
312094
312243
312328
312535
312679
312786
312876
313117
313260
313401
313491
313685
313821
313958
314052
314235
314371
314509
314604
314786
314922
315061
315152
315345
315484
315625
315717
315911
316051
316201
316289
316506
316655
316806
316894
317109
317258
317407
317492
317702
317847
317955
318040
318278
318419
318561
318652
318848
318988
319139
319231
319436
319580
319727
319817
320028
320174
320277
320479
320629
320779
320868
321076
321220
321368
321459
321666
321810
321912
322106
322248
322393
322479
322687
322830
322974
323120
323268
323350
323569
323716
323824
324019
324120
324320
324402
324763
324907
325051
325195
325339
325420
325636
325780
325927
326074
326221
326301
326526
326675
326826
326977
327137
327220
327455
327608
327762
327879
328073
328222
328372
328520
328673
328754
328985
329133
329282
329428
329574
329655
329870
330014
330127
330299
330381
330577
330660
330854
330991
331130
331270
331414
331561
331652
331753
331996
332101
332281
332419
332556
332693
332830
332914
333115
333200
333398
333536
333675
333814
333955
334040
334148
334382
334486
334663
334800
334939
335077
335219
335303
335407
335648
335751
335934
336073
336213
336353
336496
336576
336793
336940
337088
337173
337391
337538
337683
337768
337978
338121
338223
338409
338549
338688
338826
338966
339050
339244
339382
339517
339653
339790
339876
340072
340210
340348
340485
340576
340761
340897
341032
341166
341301
341387
341581
341716
341855
341991
342077
342271
342407
342548
342691
342834
342914
343126
343270
343418
343504
343714
343859
344005
344150
344298
344379
344594
344739
344885
344973
345180
345323
345467
345556
345756
345895
346037
346157
346314
346456
346602
346742
346882
347026
347167
347254
347425
347590
347733
347876
348016
348123
348302
348441
348580
348720
348861
349003
349143
349227
349430
349571
349716
349860
350010
350093
350324
350480
350649
350732
350981
351137
351293
351384
351608
351759
351914
352012
352242
352353
352559
352718
352817
353034
353192
353302
353505
353658
353814
353965
354116
354198
354418
354563
354707
354851
354994
355075
355283
355427
355567
355709
355795
355999
356139
356279
356420
356565
356651
356857
357002
357146
357288
357433
357520
357726
357870
358013
358159
358308
358390
358606
358725
358908
359057
359208
359292
359509
359654
359801
