6.690000000000000000e+02 6.650000000000000000e+02 6.650000000000000000e+02 6.670000000000000000e+02 6.710000000000000000e+02 6.650000000000000000e+02 6.710000000000000000e+02 6.650000000000000000e+02 6.650000000000000000e+02 6.650000000000000000e+02 6.650000000000000000e+02 6.670000000000000000e+02
1.007000000000000000e+03 1.005000000000000000e+03 1.007000000000000000e+03 1.009000000000000000e+03 1.009000000000000000e+03 1.001000000000000000e+03 1.009000000000000000e+03 1.011000000000000000e+03 1.007000000000000000e+03 1.007000000000000000e+03 1.007000000000000000e+03 1.007000000000000000e+03
1.357000000000000000e+03 1.355000000000000000e+03 1.355000000000000000e+03 1.357000000000000000e+03 1.357000000000000000e+03 1.349000000000000000e+03 1.357000000000000000e+03 1.359000000000000000e+03 1.355000000000000000e+03 1.355000000000000000e+03 1.351000000000000000e+03 1.223000000000000000e+03
1.687000000000000000e+03 1.685000000000000000e+03 1.679000000000000000e+03 1.687000000000000000e+03 1.689000000000000000e+03 1.679000000000000000e+03 1.687000000000000000e+03 1.689000000000000000e+03 1.685000000000000000e+03 1.685000000000000000e+03 1.685000000000000000e+03 1.355000000000000000e+03
2.011000000000000000e+03 2.009000000000000000e+03 2.005000000000000000e+03 2.009000000000000000e+03 2.007000000000000000e+03 2.007000000000000000e+03 2.009000000000000000e+03 2.013000000000000000e+03 2.007000000000000000e+03 2.007000000000000000e+03 2.007000000000000000e+03 1.687000000000000000e+03
2.325000000000000000e+03 2.323000000000000000e+03 2.323000000000000000e+03 2.325000000000000000e+03 2.325000000000000000e+03 2.321000000000000000e+03 2.325000000000000000e+03 2.329000000000000000e+03 2.323000000000000000e+03 2.323000000000000000e+03 2.323000000000000000e+03 2.009000000000000000e+03
2.639000000000000000e+03 2.635000000000000000e+03 2.631000000000000000e+03 2.637000000000000000e+03 2.637000000000000000e+03 2.633000000000000000e+03 2.635000000000000000e+03 2.639000000000000000e+03 2.635000000000000000e+03 2.635000000000000000e+03 2.635000000000000000e+03 2.323000000000000000e+03
2.961000000000000000e+03 2.957000000000000000e+03 2.951000000000000000e+03 2.959000000000000000e+03 2.959000000000000000e+03 2.955000000000000000e+03 2.959000000000000000e+03 2.961000000000000000e+03 2.957000000000000000e+03 2.957000000000000000e+03 2.957000000000000000e+03 2.635000000000000000e+03
3.291000000000000000e+03 3.289000000000000000e+03 3.283000000000000000e+03 3.291000000000000000e+03 3.289000000000000000e+03 3.287000000000000000e+03 3.291000000000000000e+03 3.293000000000000000e+03 3.289000000000000000e+03 3.289000000000000000e+03 3.289000000000000000e+03 2.957000000000000000e+03
0.000000000000000000e+00 0.000000000000000000e+00 0.000000000000000000e+00 0.000000000000000000e+00 0.000000000000000000e+00 0.000000000000000000e+00 0.000000000000000000e+00 0.000000000000000000e+00 0.000000000000000000e+00 0.000000000000000000e+00 0.000000000000000000e+00 3.289000000000000000e+03
